16395
1406024687
5
30
1
unnamedActor
39
b_base
-1
b_l_upperarm
0
b_l_forearm
1
b_l_hand
2
b_l_index_low
3
b_l_index_mid
4
b_l_index_tip
5
b_l_middle_low
3
b_l_middle_mid
7
b_l_middle_tip
8
b_l_ring_low
3
b_l_ring_mid
10
b_l_ring_tip
11
b_l_pinky_low
3
b_l_pinky_mid
13
b_l_pinky_tip
14
b_l_thumb_low
3
b_l_thumb_mid
16
b_l_thumb_tip
17
b_r_upperarm
0
b_r_forearm
19
b_r_hand
20
b_r_thumb_low
21
b_r_thumb_mid
22
b_r_thumb_tip
23
b_r_index_low
21
b_r_index_mid
25
b_r_index_tip
26
b_r_ring_low
21
b_r_ring_mid
28
b_r_ring_tip
29
b_r_pinky_low
21
b_r_pinky_mid
31
b_r_pinky_tip
32
b_r_middle_low
21
b_r_middle_mid
34
b_r_middle_tip
35
b_gun
0
b_magazine
37
0.0000000000	0.0000000000	0.0000000000
0.0000000000	0.0000000000	0.0000000000	1.0000000000
1.0000000000
2.4686763287	9.1493701935	-11.0176973343
0.3193870187	0.0425747670	-0.2022834867	0.9248030782
0.9999998212
11.8433160782	5.5929017067	-13.1494302750
0.1821326464	-0.4089648724	-0.3312919438	0.8305546641
0.9999996424
16.7017440796	-2.0248546600	-7.0636096001
-0.5603727698	0.2575407624	-0.4470613301	0.6479130387
0.9999995828
19.7136592865	-4.2935905457	-6.5376486778
-0.7166464925	-0.0049952557	-0.4513509572	0.5316722393
0.9999998212
20.7227859497	-5.0987987518	-5.4268207550
-0.6284190416	-0.3242692053	-0.6534672379	0.2700361311
1.0000003576
20.6518878937	-5.0385961533	-4.3288178444
-0.5227981806	-0.4922359586	-0.6926192045	0.0682968646
1.0000001192
18.8855876923	-5.0425629616	-7.0667548180
-0.6788969040	-0.1669973582	-0.6409858465	0.3167775869
0.9999997616
19.1216983795	-5.3882546425	-5.1853041649
-0.6285030842	-0.3462479413	-0.6844294667	0.1290450096
0.9999996424
18.9073047638	-5.0744338036	-4.0327792168
-0.5799520612	-0.4225628972	-0.6952259541	0.0419186577
0.9999995828
17.8650493622	-5.6744623184	-7.2741799355
-0.6353067756	-0.0547611602	-0.7573277354	0.1408589631
0.9999998808
17.5997371674	-5.9236273766	-5.5797815323
0.6089606881	0.2069581747	0.7639517784	0.0520853028
0.9999999404
17.2930355072	-5.5214514732	-4.4775934219
0.5600921512	0.3161672652	0.7410864830	0.1926809698
1.0000000000
16.8164520264	-5.7533006668	-7.3310103416
-0.6678411365	-0.0301577132	-0.7334353328	0.1230909079
1.0000000000
16.7084598541	-5.9483337402	-5.9586620331
0.6300287843	0.2235735804	0.7374562025	0.0961095095
0.9999999404
16.5277042389	-5.5404343605	-5.1049799919
0.5945357084	0.3056937754	0.7180203795	0.1937148422
0.9999998212
18.2088451385	-2.0266504288	-6.1827592850
-0.7712715268	-0.2139763683	-0.3066815436	0.5150735974
0.9999995828
19.3253574371	-2.0047302246	-5.1078233719
-0.7535814643	-0.0266292244	-0.2507448196	0.6070691347
0.9999997616
20.2849388123	-2.2953035831	-4.6568126678
-0.7656984925	-0.0584410727	-0.2108645588	0.6048360467
0.9999996424
-10.4129400253	-2.7453446388	-4.2393565178
-0.4595547318	0.3937253356	-0.1966947764	0.7714279294
0.9999998808
-4.1289091110	-9.5706501007	-8.6163187027
-0.4795569479	-0.1878412813	0.1410831660	0.8454799652
0.9999997020
5.5558018684	-5.0122528076	-6.6315546036
0.0230216067	-0.0203496702	0.1137785390	0.9930309057
0.9999997616
6.2434597015	-4.5043454170	-5.1103234291
-0.0794998184	-0.2083362937	0.5707762241	0.7902469635
0.9999997020
6.6381101608	-3.0935595036	-4.7505183220
-0.1708290875	0.0227804910	0.4900832772	0.8544687629
0.9999998808
7.1990756989	-2.1960330009	-4.9737453461
-0.4129494727	0.4906145930	0.3143835366	0.6999522448
0.9999995828
8.9741735458	-4.7323851585	-4.9788889885
0.0286522005	-0.0714735538	0.1686237752	0.9826681614
0.9999998212
10.5565910339	-4.1772022247	-4.7242336273
0.0235818941	-0.0472521000	0.7365230918	0.6743476987
1.0000001192
10.4562158585	-3.0643937588	-4.6136770248
-0.0086947447	-0.0520890355	0.9922288060	0.1126636416
1.0000000000
9.3105039597	-4.7641081810	-7.3754887581
0.0529771224	-0.0680708513	0.7222998738	0.6861798167
0.9999996424
9.2194271088	-3.0635490417	-7.0817961693
0.0122024547	-0.0853892118	0.9676334858	0.2371607721
0.9999996424
8.1507749557	-2.5132272243	-7.0045676231
0.0335196257	0.0794773623	-0.9515687823	0.2950874269
0.9999996424
8.8667764664	-4.5725874901	-8.3130702972
0.0979100838	-0.0363606624	0.6820476055	0.7238111496
0.9999996424
8.9594907761	-3.2157225609	-8.0553340912
0.0621455163	-0.0839429200	0.9666914940	0.2336644828
0.9999994636
8.1208906174	-2.7966208458	-7.9039797783
-0.0331654772	0.0990380496	-0.9915856123	0.0764823109
0.9999995828
9.2506380081	-4.9116725922	-6.1690101624
0.0378001146	-0.0733152851	0.5857645273	0.8062728643
0.9999996424
9.8331565857	-3.1064562798	-5.8565998077
-0.0163375214	-0.0808521360	0.9612581730	0.2630185187
0.9999998212
8.7788677216	-2.4841248989	-5.8429822922
0.0551125519	0.0613725148	-0.9617395401	0.2612529695
0.9999994636
7.7411050797	-3.7332670689	-7.3045506477
0.0000115635	-0.0000241513	0.0000636361	1.0000000000
0.9999998808
13.7551488876	-3.7325320244	-6.0030183792
-0.4999503493	-0.5000381470	-0.4999860525	0.5000255108
0.9999997616
0.0000000000	0.0000000000	0.0000000000
0.0000000000	0.0000000000	0.0000000000	1.0000000000
1.0000000000
2.4686763287	9.1493701935	-11.0176973343
0.3373276591	0.0655550286	-0.2008461356	0.9173731208
0.9999999404
11.8042526245	5.8253312111	-13.6396036148
0.1673156917	-0.4587080777	-0.3551542461	0.7971560955
0.9999996424
15.3654432297	-2.0151028633	-6.9674792290
-0.5590149164	0.2540870905	-0.4494384229	0.6488044262
0.9999997020
18.3746070862	-4.2803239822	-6.4114656448
-0.7150613666	-0.0080069676	-0.4542641044	0.5312883854
0.9999996424
19.3746109009	-5.0829048157	-5.2905359268
-0.6255990863	-0.3262425959	-0.6558578610	0.2684065104
1.0000001192
19.2939853668	-5.0210614204	-4.1932945251
-0.5195754170	-0.4933024645	-0.6945030093	0.0660286024
1.0000001192
17.5518913269	-5.0308575630	-6.9466781616
-0.6762377024	-0.1691910326	-0.6437004209	0.3157955706
0.9999998212
17.7717170715	-5.3734240532	-5.0626840591
-0.6254273653	-0.3476240635	-0.6868656874	0.1273334771
0.9999999404
17.5468959808	-5.0580086708	-3.9125823975
-0.5767276883	-0.4235411584	-0.6974274516	0.0399142057
0.9999998808
16.5337734222	-5.6639876366	-7.1621060371
-0.6320483685	-0.0562518127	-0.7600144148	0.1404589415
0.9999997616
16.2537574768	-5.9107627869	-5.4697251320
0.6054559946	0.2075905502	0.7664896250	0.0531306192
0.9999999404
15.9370012283	-5.5071511269	-4.3709115982
0.5565308332	0.3161394596	0.7433868647	0.1941782683
0.9999999404
15.4857883453	-5.7438540459	-7.2280502319
-0.6646848917	-0.0315661952	-0.7362925410	0.1227635741
0.9999998808
15.3658781052	-5.9368543625	-5.8564033508
0.6265989542	0.2240006030	0.7400938272	0.0972556993
1.0000000000
15.1772470474	-5.5277929306	-5.0049819946
0.5910796523	0.3056590557	0.7204813361	0.1952029467
1.0000000000
16.8647232056	-2.0141849518	-6.0733771324
-0.7702176571	-0.2168246210	-0.3096818924	0.5136623979
0.9999998212
17.9716987610	-1.9895991087	-4.9886808395
-0.7529288530	-0.0298334677	-0.2537725866	0.6064713597
0.9999998212
18.9275245667	-2.2786126137	-4.5287790298
-0.7652055621	-0.0616095550	-0.2139224559	0.6040711403
0.9999998808
-10.4129400253	-2.7453446388	-4.2393565178
-0.4526293278	0.4374004602	-0.2217825651	0.7447282076
0.9999998212
-5.0890450478	-10.1958665848	-8.8629379272
-0.4773233235	-0.2150400281	0.1619360745	0.8364789486
0.9999999404
4.2195086479	-5.0118074417	-6.6294879913
0.0217845868	-0.0246282052	0.1143456548	0.9928967357
0.9999998808
4.8932752609	-4.5009946823	-5.1030230522
-0.0825113654	-0.2114235014	0.5709357858	0.7890021205
0.9999999404
5.2834672928	-3.0893111229	-4.7418761253
-0.1736375391	0.0193059500	0.4896972179	0.8542095423
1.0000001192
5.8455677032	-2.1916058064	-4.9615035057
-0.4150782824	0.4875741899	0.3125114441	0.7016537786
0.9999997616
7.6229343414	-4.7263345718	-4.9471945763
0.0272045434	-0.0756622404	0.1692487746	0.9822881818
0.9999998212
9.2025461197	-4.1693229675	-4.6794452667
0.0198527854	-0.0496591218	0.7369616628	0.6738155484
1.0000000000
9.1001968384	-3.0564432144	-4.5714511871
-0.0131265018	-0.0518445559	0.9922708273	0.1119752750
1.0000002384
7.9803929329	-4.7613344193	-7.3406877518
0.0493109822	-0.0705271065	0.7228890657	0.6855843067
0.9999995828
7.8851952553	-3.0604219437	-7.0503673553
0.0078006224	-0.0857018009	0.9678493738	0.2363514006
0.9999997020
6.8154058456	-2.5109636784	-6.9833846092
0.0374537148	0.0774781778	-0.9513370395	0.2958923578
0.9999997616
7.5447740555	-4.5716252327	-8.2824287415
0.0943781286	-0.0389927663	0.6828284264	0.7234070897
0.9999997020
7.6339879036	-3.2142910957	-8.0259265900
0.0577493012	-0.0842180923	0.9671247005	0.2328995168
0.9999997020
6.7937078476	-2.7957308292	-7.8825979233
-0.0288993716	0.0979412869	-0.9917612076	0.0773436949
0.9999997020
7.9100351334	-4.9071497917	-6.1345615387
0.0346478857	-0.0764098614	0.5863468647	0.8057036996
1.0000002384
8.4881448746	-3.1009335518	-5.8197455406
-0.0207324438	-0.0812964141	0.9613567591	0.2622102797
0.9999999404
7.4332165718	-2.4795484543	-5.8163528442
0.0591248535	0.0595247373	-0.9614142776	0.2619993985
1.0000001192
6.4095020294	-3.7318296432	-7.2851271629
-0.0007388049	-0.0044293506	0.0005183765	0.9999897480
1.0000000000
12.4118423462	-3.7236385345	-5.9306650162
-0.4978904724	-0.5028381944	-0.5015810132	0.4976699948
0.9999997020
0.0000000000	0.0000000000	0.0000000000
0.0000000000	0.0000000000	0.0000000000	1.0000000000
1.0000000000
2.4686763287	9.1493701935	-11.0176973343
0.3407144248	0.0682710633	-0.2013340443	0.9158151746
0.9999997616
11.7927780151	5.8461093903	-13.7058591843
0.1669552326	-0.4620163441	-0.3588143587	0.7936744690
0.9999995828
15.2306690216	-2.0391058922	-7.0218462944
-0.5593171120	0.2570285201	-0.4478120208	0.6485099792
0.9999997020
18.2402057648	-4.3097009659	-6.4902930260
-0.7157077193	-0.0053127473	-0.4524496794	0.5319995880
0.9999997616
19.2459373474	-5.1166443825	-5.3776497841
-0.6274230480	-0.3241231441	-0.6545810103	0.2698301971
1.0000000000
19.1720371246	-5.0577220917	-4.2797741890
-0.5219027400	-0.4918102026	-0.6936464310	0.0677885339
1.0000000000
17.4132862091	-5.0577039719	-7.0225696564
-0.6778580546	-0.1669129282	-0.6420850754	0.3168207407
0.9999998212
17.6440715790	-5.4057383537	-5.1408877373
-0.6275528073	-0.3458892405	-0.6855278015	0.1288023740
1.0000001192
17.4266262054	-5.0932016373	-3.9885828495
-0.5790544748	-0.4220874012	-0.6962850094	0.0415397324
1.0000001192
16.3930664062	-5.6889352798	-7.2335619926
-0.6341895461	-0.0543740056	-0.7582638860	0.1410073042
0.9999997020
16.1229839325	-5.9400095940	-5.5402016640
0.6079804897	0.2063063234	0.7649028897	0.0521635301
0.9999998808
15.8134088516	-5.5390200615	-4.4383869171
0.5592495203	0.3153451085	0.7420066595	0.1929340363
1.0000000000
15.3445949554	-5.7672748566	-7.2933769226
-0.6667624116	-0.0297537185	-0.7343980074	0.1232974678
1.0000001192
15.2327394485	-5.9638981819	-5.9215641022
0.6291145086	0.2228725702	0.7384373546	0.0961926207
1.0000001192
15.0497970581	-5.5569400787	-5.0678944588
0.5937232971	0.3048770428	0.7189816236	0.1939282566
0.9999999404
16.7353324890	-2.0425693989	-6.1368451118
-0.7705846429	-0.2143457681	-0.3079769611	0.5151751637
0.9999998808
17.8488883972	-2.0223882198	-5.0588116646
-0.7528786659	-0.0271626133	-0.2519231439	0.6074295640
0.9999999404
18.8071079254	-2.3138904572	-4.6055011749
-0.7650583982	-0.0589926243	-0.2120781392	0.6051681042
1.0000001192
-10.4129400253	-2.7453446388	-4.2393565178
-0.4512630403	0.4417715371	-0.2244412452	0.7421763539
0.9999997020
-5.1922307014	-10.2529468536	-8.8881950378
-0.4767996073	-0.2175631672	0.1633228064	0.8358553052
0.9999997616
4.0827360153	-5.0221099854	-6.6242961884
0.0234666336	-0.0217488706	0.1135966703	0.9930116534
0.9999998808
4.7665319443	-4.5163221359	-5.1006197929
-0.0798254088	-0.2097206116	0.5703840852	0.7901311517
0.9999999404
5.1607871056	-3.1061327457	-4.7380523682
-0.1709613949	0.0213774405	0.4896962047	0.8547004461
0.9999999404
5.7227067947	-2.2085635662	-4.9586939812
-0.4128461182	0.4895725250	0.3139876425	0.7009198666
0.9999995828
7.4967942238	-4.7456264496	-4.9621739388
0.0290074293	-0.0728932023	0.1684205085	0.9825882912
1.0000000000
9.0787477493	-4.1913928986	-4.7026224136
0.0229972526	-0.0486028045	0.7363893390	0.6744180322
1.0000000000
8.9785242081	-3.0786795616	-4.5909862518
-0.0099616842	-0.0528381877	0.9921619296	0.1127992570
1.0000005960
7.8395109177	-4.7745842934	-7.3579034805
0.0524144061	-0.0694346726	0.7221902609	0.6862017512
0.9999999404
7.7483315468	-3.0743441582	-7.0623960495
0.0110369865	-0.0862938687	0.9675492048	0.2372342646
1.0000002384
6.6796956062	-2.5236823559	-6.9873533249
0.0349845700	0.0796525404	-0.9515344501	0.2949809432
1.0000000000
7.3983664513	-4.5817518234	-8.2964315414
0.0974301770	-0.0377595015	0.6820095778	0.7238401175
0.9999998808
7.4909372330	-3.2252376080	-8.0368061066
0.0609794222	-0.0848523825	0.9666754603	0.2337095886
1.0000000000
6.6521029472	-2.8059797287	-7.8871841431
-0.0317754112	0.0995426700	-0.9915843010	0.0764344707
1.0000002384
7.7763671875	-4.9235835075	-6.1517682076
0.0374913104	-0.0747537911	0.5856074691	0.8062692881
1.0000000000
8.3587713242	-3.1189808846	-5.8356180191
-0.0174778756	-0.0817816928	0.9611333609	0.2631138563
0.9999998212
7.3047008514	-2.4962379932	-5.8240618706
0.0565669388	0.0615946874	-0.9616804123	0.2611074746
0.9999996424
6.2703371048	-3.7431941032	-7.2899045944
0.0006167136	-0.0013593128	-0.0001378592	0.9999988675
0.9999995828
12.2808828354	-3.7464666367	-5.9723196030
-0.4990803301	-0.5003018379	-0.5010563731	0.4995592237
0.9999996424
0.0000000000	0.0000000000	0.0000000000
0.0000000000	0.0000000000	0.0000000000	1.0000000000
1.0000000000
2.4686763287	9.1493701935	-11.0176973343
0.3380285501	0.0655243099	-0.2016389966	0.9169433117
0.9999998212
11.7977943420	5.8129248619	-13.6468305588
0.1707445830	-0.4510951936	-0.3546376526	0.8009941578
0.9999995828
15.5178775787	-2.0541400909	-7.0938167572
-0.5600826740	0.2601819336	-0.4459203184	0.6478950381
0.9999997616
18.5283489227	-4.3295383453	-6.5887689590
-0.7167735696	-0.0024760684	-0.4502001107	0.5324935317
0.9999995828
19.5410766602	-5.1400666237	-5.4851126671
-0.6296914220	-0.3220697343	-0.6528242230	0.2712571621
0.9999997616
19.4751605988	-5.0833826065	-4.3866109848
-0.5246298313	-0.4905072153	-0.6923223734	0.0696857497
0.9999998808
17.6966896057	-5.0753998756	-7.1166501045
-0.6799347401	-0.1646733731	-0.6400091052	0.3177419007
0.9999994636
17.9405937195	-5.4277052879	-5.2374224663
-0.6300956011	-0.3443107605	-0.6837062836	0.1302900463
0.9999996424
17.7318496704	-5.1173491478	-4.0829243660
-0.5817756057	-0.4208414853	-0.6946651340	0.0432447121
0.9999999404
16.6741962433	-5.7049341202	-7.3216128349
-0.6368018985	-0.0526727885	-0.7561172247	0.1414064467
0.9999993443
16.4160118103	-5.9592690468	-5.6268830299
0.6109148264	0.2053092569	0.7628924251	0.0512472950
0.9999995232
16.1148834229	-5.5602383614	-4.5220193863
0.5623177886	0.3149087727	0.7402006984	0.1916612387
0.9999996424
15.6252260208	-5.7818613052	-7.3740320206
-0.6692920327	-0.0281217042	-0.7320971489	0.1236571372
0.9999995232
15.5230169296	-5.9812560081	-6.0018672943
0.6320101619	0.2220489681	0.7363412976	0.0951777622
0.9999997020
15.3467350006	-5.5758886337	-5.1460480690
0.5967029333	0.3044474125	0.7170398831	0.1926425546
0.9999999404
17.0288734436	-2.0613217354	-6.2196960449
-0.7712758780	-0.2116872966	-0.3057414591	0.5165696144
0.9999995232
18.1501903534	-2.0447871685	-5.1496787071
-0.7531551719	-0.0242431704	-0.2496105283	0.6081644893
0.9999995232
19.1112861633	-2.3384232521	-4.7039070129
-0.7652131915	-0.0561157577	-0.2097542584	0.6060552597
0.9999994636
-10.4129400253	-2.7453446388	-4.2393565178
-0.4524796307	0.4327948093	-0.2192814052	0.7482423186
0.9999998212
-4.9841852188	-10.1293630600	-8.8476696014
-0.4770643711	-0.2124221623	0.1588450521	0.8378870487
1.0000000000
4.3703236580	-5.0251326561	-6.6223659515
0.0249598771	-0.0183224976	0.1128835604	0.9931256771
1.0000001192
5.0656628609	-4.5235490799	-5.1025276184
-0.0770296901	-0.2074639946	0.5699540377	0.7913138270
0.9999998212
5.4642372131	-3.1146442890	-4.7396883965
-0.1682428569	0.0240089502	0.4898105264	0.8551044464
0.9999998212
6.0256571770	-2.2172694206	-4.9623794556
-0.4106422663	0.4919899106	0.3155834675	0.6998042464
0.9999996424
7.7965679169	-4.7564611435	-4.9842047691
0.0306548830	-0.0695679337	0.1676368862	0.9829132557
1.0000002384
9.3810253143	-4.2047162056	-4.7348017693
0.0263582990	-0.0470092297	0.7358374000	0.6750102043
1.0000003576
9.2829666138	-3.0921325684	-4.6199908257
-0.0063058324	-0.0535244122	0.9920634627	0.1136026680
1.0000003576
8.1220321655	-4.7805209160	-7.3823919296
0.0557246245	-0.0678007826	0.7215026021	0.6868273020
0.9999998808
8.0350599289	-3.0808317661	-7.0824828148
0.0147216441	-0.0865184888	0.9672628641	0.2381186187
1.0000000000
6.9676661491	-2.5290474892	-6.9985499382
0.0319418982	0.0817428231	-0.9517444372	0.2940754592
1.0000002384
7.6743974686	-4.5850739479	-8.3172998428
0.1006566510	-0.0359735489	0.6811728477	0.7242773771
0.9999998808
7.7704906464	-3.2292506695	-8.0553503036
0.0646575615	-0.0851191357	0.9662134647	0.2345329225
0.9999997020
6.9332666397	-2.8093123436	-7.8987808228
-0.0351911075	0.1009328961	-0.9913992882	0.0755087212
0.9999998212
8.0673704147	-4.9321198463	-6.1761670113
0.0404407047	-0.0725284219	0.5848955512	0.8068466187
0.9999998808
8.6542387009	-3.1289277077	-5.8602237701
-0.0137846982	-0.0818889737	0.9609386921	0.2640095949
1.0000000000
7.6010417938	-2.5049397945	-5.8397197723
0.0534392260	0.0635615662	-0.9619672298	0.2602368593
1.0000000000
6.5546545982	-3.7473886013	-7.3008451462
0.0017217238	0.0022317900	-0.0007498882	0.9999957681
1.0000001192
12.5745010376	-3.7608473301	-6.0264835358
-0.5006278753	-0.4976462424	-0.5001178384	0.5015996695
0.9999998212
0.0000000000	0.0000000000	0.0000000000
0.0000000000	0.0000000000	0.0000000000	1.0000000000
1.0000000000
2.4686763287	9.1493701935	-11.0176973343
0.3289087415	0.0553318672	-0.2017643899	0.9208955169
0.9999998808
11.8220109940	5.7132411003	-13.4228563309
0.1764345020	-0.4306306541	-0.3431627750	0.8158844113
0.9999997616
16.1096801758	-2.0421555042	-7.0871253014
-0.5602364540	0.2593588531	-0.4462358952	0.6478747725
0.9999998212
19.1208133698	-4.3152523041	-6.5757007599
-0.7167844176	-0.0032731087	-0.4505015016	0.5322197676
1.0000000000
20.1325988770	-5.1239657402	-5.4698505402
-0.6293352246	-0.3227888346	-0.6529662013	0.2708870471
1.0000004768
20.0652542114	-5.0660867691	-4.3714976311
-0.5240871906	-0.4910897911	-0.6923612356	0.0692787617
1.0000003576
18.2902603149	-5.0621833801	-7.1037998199
-0.6796578765	-0.1654294282	-0.6402578354	0.3174401820
1.0000000000
18.5319766998	-5.4122414589	-5.2238688469
-0.6296343207	-0.3449576199	-0.6838765740	0.1299145073
1.0000000000
18.3215827942	-5.1007094383	-4.0699844360
-0.5812366605	-0.4214251041	-0.6947867870	0.0428507999
0.9999997616
17.2683849335	-5.6925339699	-7.3093590736
-0.6363846660	-0.0533692986	-0.7564518452	0.1412335634
1.0000001192
17.0081901550	-5.9451189041	-5.6146731377
0.6103416085	0.2058795691	0.7631804347	0.0515007377
1.0000001192
16.7054271698	-5.5450239182	-4.5106406212
0.5616489053	0.3153630793	0.7404367924	0.1919636875
1.0000001192
16.2195281982	-5.7701296806	-7.3630275726
-0.6688872576	-0.0288028140	-0.7324713469	0.1234747767
1.0000003576
16.1156883240	-5.9680457115	-5.9907698631
0.6314243078	0.2225825340	0.7366461158	0.0954612046
1.0000002384
15.9380865097	-5.5618190765	-5.1356272697
0.5960512161	0.3048979938	0.7173040509	0.1929641366
1.0000003576
17.6195678711	-2.0474874973	-6.2110743523
-0.7713096142	-0.2124087811	-0.3059649169	0.5160905719
0.9999997616
18.7395076752	-2.0291087627	-5.1396508217
-0.7533297539	-0.0249864273	-0.2499012053	0.6077988148
0.9999998212
19.7002048492	-2.3216903210	-4.6923270226
-0.7654027939	-0.0568388253	-0.2100353390	0.6056509614
0.9999997616
-10.4129400253	-2.7453446388	-4.2393565178
-0.4559627473	0.4136627316	-0.2081741393	0.7600293756
1.0000000000
-4.5545210838	-9.8611488342	-8.7422409058
-0.4782097042	-0.2007686347	0.1501798630	0.8416967988
1.0000000000
4.9631261826	-5.0185775757	-6.6266174316
0.0242990404	-0.0188435912	0.1131997257	0.9930962920
0.9999998808
5.6563453674	-4.5147566795	-5.1065516472
-0.0777881369	-0.2076181322	0.5702636838	0.7909759879
1.0000000000
6.0536613464	-3.1051824093	-4.7449321747
-0.1690591425	0.0237414837	0.4899446368	0.8548740149
1.0000001192
6.6148242950	-2.2077472210	-4.9680299759
-0.4113970101	0.4916396439	0.3152447939	0.6997597814
0.9999998212
8.3872413635	-4.7459278107	-4.9846692085
0.0299822856	-0.0700482205	0.1679843217	0.9828405976
1.0000000000
9.9710721970	-4.1929540634	-4.7340288162
0.0255234186	-0.0469635017	0.7360785007	0.6747825146
1.0000001192
9.8722276688	-3.0802903175	-4.6206774712
-0.0069544101	-0.0529967062	0.9921246767	0.1132766902
1.0000001192
8.7156019211	-4.7726860046	-7.3824338913
0.0548972636	-0.0677622035	0.7217773199	0.6866090894
0.9999997616
8.6272773743	-3.0726885796	-7.0846786499
0.0140225394	-0.0860743597	0.9673929811	0.2377928048
0.9999995232
7.5594625473	-2.5214283466	-7.0026926994
0.0323123969	0.0810020715	-0.9516882300	0.2944217026
0.9999998808
8.2689752579	-4.5786271095	-8.3181133270
0.0998216644	-0.0359686948	0.6814662814	0.7241172194
0.9999999404
8.3639621735	-3.2224338055	-8.0576829910
0.0639608353	-0.0846588537	0.9663717151	0.2342384309
0.9999999404
7.5263066292	-2.8027977943	-7.9026246071
-0.0346707217	0.1002798751	-0.9914588332	0.0758376941
1.0000000000
8.6595773697	-4.9228625298	-6.1760921478
0.0396244638	-0.0726487190	0.5851989388	0.8066562414
1.0000001192
9.2450141907	-3.1189475060	-5.8616185188
-0.0144969122	-0.0814725310	0.9610564709	0.2636712492
1.0000001192
8.1914281845	-2.4955503941	-5.8431305885
0.0538415276	0.0628412589	-0.9618970752	0.2605881989
1.0000000000
7.1475234032	-3.7403767109	-7.3040146828
0.0011190699	0.0016314095	-0.0004580782	0.9999979734
0.9999998212
13.1658391953	-3.7487788200	-6.0224113464
-0.5004842281	-0.4983947873	-0.4999718666	0.5011451244
0.9999999404
0
